%YAML:1.0
vocabulary: !!opencv-matrix
   rows: 20
   cols: 128
   dt: f
   data: [ 3.05245876e+01, 5.85901604e+01, 3.90983582e+01,
       7.47540951e+00, 3.93442607e+00, 6.57377005e+00, 1.00327864e+01,
       1.73114738e+01, 2.29836044e+01, 4.65573730e+01, 4.24262276e+01,
       2.74754086e+01, 2.35409832e+01, 2.61475391e+01, 1.83442612e+01,
       1.44590158e+01, 2.03770485e+01, 2.06065559e+01, 2.00655727e+01,
       2.74754086e+01, 3.50983582e+01, 3.45573769e+01, 2.22295074e+01,
       1.45737696e+01, 1.21967211e+01, 8.78688431e+00, 7.88524532e+00,
       9.40983582e+00, 1.72950802e+01, 2.57213097e+01, 1.82131138e+01,
       1.20819664e+01, 3.38852425e+01, 8.31967163e+01, 7.51967163e+01,
       2.09508190e+01, 4.95081949e+00, 3.96721292e+00, 3.08196712e+00,
       9.99999905e+00, 3.62295074e+01, 8.32294998e+01, 1.18950813e+02,
       6.12950783e+01, 1.30655727e+01, 5.86885214e+00, 3.49180317e+00,
       5.09836054e+00, 1.12803276e+02, 7.65573730e+01, 4.89836044e+01,
       2.21639328e+01, 1.28360653e+01, 1.90983601e+01, 1.67540970e+01,
       2.94098339e+01, 2.94262276e+01, 7.96721268e+00, 3.24590135e+00,
       6.40983582e+00, 3.14262276e+01, 4.47213097e+01, 2.92950802e+01,
       2.41311455e+01, 2.63770485e+01, 4.15081940e+01, 4.38524551e+01,
       1.97377033e+01, 1.10819664e+01, 7.34426212e+00, 9.24590111e+00,
       1.34098349e+01, 8.53606491e+01, 4.03934402e+01, 5.41803246e+01,
       3.46065559e+01, 1.49672127e+01, 8.99999905e+00, 1.04754095e+01,
       2.78688507e+01, 1.32868851e+02, 5.63114738e+01, 1.50163927e+01,
       6.14754057e+00, 5.50819635e+00, 5.14754057e+00, 6.36065531e+00,
       5.23770447e+01, 3.23442612e+01, 1.44918022e+01, 1.19508190e+01,
       1.79999981e+01, 3.44754066e+01, 2.49999981e+01, 9.19672108e+00,
       1.46721306e+01, 1.47704906e+01, 1.03442621e+01, 6.52459002e+00,
       6.45901585e+00, 1.29999990e+01, 1.75409832e+01, 2.24590149e+01,
       1.74590149e+01, 6.01311455e+01, 2.39344254e+01, 1.17377043e+01,
       9.13114738e+00, 1.10655727e+01, 1.06557369e+01, 1.45081959e+01,
       3.46721306e+01, 8.55737686e+01, 5.40491791e+01, 2.00819664e+01,
       3.96721292e+00, 3.62295055e+00, 4.75409794e+00, 6.62295055e+00,
       3.52622948e+01, 1.48524580e+01, 2.23278675e+01, 1.91475391e+01,
       1.59344254e+01, 1.77540970e+01, 1.11147537e+01, 6.13114738e+00,
       8.03278637e+00, 4.53061199e+00, 3.28571415e+00, 9.67346954e+00,
       1.46326532e+01, 2.10816326e+01, 3.33673477e+01, 2.92448978e+01,
       1.09591837e+01, 1.55510197e+01, 1.11020403e+01, 1.33469381e+01,
       2.04897957e+01, 1.91224480e+01, 3.30816307e+01, 2.84693871e+01,
       1.72244892e+01, 3.23265305e+01, 1.63469391e+01, 1.54897957e+01,
       1.31836729e+01, 1.00408163e+01, 1.84285717e+01, 3.58571434e+01,
       4.33061218e+01, 1.21428566e+01, 1.15918369e+01, 1.13673468e+01,
       5.32653046e+00, 8.12244892e+00, 2.64897957e+01, 3.94081612e+01,
       2.30204086e+01, 1.00816326e+01, 7.02040815e+00, 1.17755098e+01,
       1.96734695e+01, 3.81632652e+01, 3.99183655e+01, 25.,
       1.46122446e+01, 3.83061218e+01, 1.37346935e+01, 1.89183674e+01,
       4.31632652e+01, 6.75306091e+01, 4.49183655e+01, 1.87959175e+01,
       1.32244892e+01, 1.21877548e+02, 2.77551022e+01, 9.18367290e+00,
       1.18775511e+01, 1.11428566e+01, 1.82653065e+01, 3.68979568e+01,
       7.56530609e+01, 2.83673458e+01, 6.40816307e+00, 6.20408154e+00,
       9., 1.81428566e+01, 5.67551003e+01, 6.52653046e+01,
       3.71428566e+01, 9.63265324e+00, 9.44897938e+00, 1.85510197e+01,
       3.07755089e+01, 5.14081612e+01, 3.19591827e+01, 1.17551022e+01,
       8.75510216e+00, 4.05102043e+01, 1.23673468e+01, 1.48979588e+01,
       3.22448959e+01, 6.49387741e+01, 4.84693871e+01, 1.69591827e+01,
       2.77551022e+01, 1.30979584e+02, 4.09591827e+01, 4.69387722e+00,
       3.38775492e+00, 8.97959137e+00, 1.33061218e+01, 2.19183674e+01,
       6.34693871e+01, 6.58367310e+01, 2.48979588e+01, 9.55102062e+00,
       1.40816326e+01, 1.99183674e+01, 4.08775520e+01, 3.74693871e+01,
       3.40816307e+01, 7.71428537e+00, 6.75510168e+00, 1.51428566e+01,
       2.36734695e+01, 4.80204086e+01, 3.02448978e+01, 1.97755089e+01,
       6.93877554e+00, 32., 1.99387760e+01, 1.54081631e+01,
       1.57551022e+01, 3.27959175e+01, 2.57755089e+01, 3.55510216e+01,
       4.32857132e+01, 9.08571396e+01, 4.31428566e+01, 1.10408163e+01,
       4.22448969e+00, 5.34693861e+00, 9.87755108e+00, 3.21632652e+01,
       6.51428528e+01, 5.27755089e+01, 3.29591827e+01, 1.35510197e+01,
       1.59387751e+01, 11., 1.65918369e+01, 2.08163261e+01,
       3.35918350e+01, 1.55087719e+01, 3.88070183e+01, 7.23859634e+01,
       5.43157883e+01, 1.52280703e+01, 7.14035082e+00, 7.03508759e+00,
       7.45614052e+00, 2.76666660e+01, 5.46666679e+01, 8.42105255e+01,
       5.28245621e+01, 1.69649124e+01, 7.94736862e+00, 8.07017517e+00,
       8.80701733e+00, 2.58947372e+01, 3.56491241e+01, 4.45964928e+01,
       3.17017555e+01, 2.45438595e+01, 1.50350876e+01, 1.56842108e+01,
       1.58596497e+01, 1.30701752e+01, 2.42982464e+01, 3.27368431e+01,
       1.92982464e+01, 1.52982454e+01, 1.46491232e+01, 1.08421049e+01,
       8.73684216e+00, 2.07192993e+01, 3.14561405e+01, 7.67368393e+01,
       8.55789490e+01, 4.31403503e+01, 1.24912281e+01, 5.78947353e+00,
       5.87719297e+00, 1.19280701e+02, 7.28245621e+01, 6.05438614e+01,
       3.68596497e+01, 9.94736862e+00, 4.64912271e+00, 1.01052628e+01,
       4.06491241e+01, 5.44210548e+01, 3.27719307e+01, 3.73333321e+01,
       4.75614052e+01, 3.72982445e+01, 2.07368431e+01, 2.55964909e+01,
       33., 1.67719307e+01, 2.86842098e+01, 3.60350876e+01,
       2.40877190e+01, 1.88947372e+01, 1.18421049e+01, 1.18771935e+01,
       1.45087719e+01, 2.80701752e+01, 1.20526314e+01, 1.38070173e+01,
       4.17719307e+01, 4.71578941e+01, 3.65614052e+01, 2.62631588e+01,
       1.92807026e+01, 1.15403511e+02, 7.80350876e+01, 3.21052628e+01,
       1.25614033e+01, 1.14561405e+01, 1.25263157e+01, 1.35263157e+01,
       3.51228065e+01, 3.30701752e+01, 4.65263176e+01, 5.97894745e+01,
       5.13684196e+01, 3.60175438e+01, 1.22631578e+01, 1.25438595e+01,
       1.50877190e+01, 1.52807016e+01, 1.95614033e+01, 2.73859653e+01,
       1.83684216e+01, 1.21228075e+01, 9.91228104e+00, 1.91578941e+01,
       1.66315784e+01, 1.26140356e+01, 7.98245621e+00, 9.28070164e+00,
       16., 2.76315784e+01, 2.72982464e+01, 3.09298248e+01,
       2.24035091e+01, 4.02807007e+01, 2.81578941e+01, 1.25438595e+01,
       6.59649134e+00, 1.58070173e+01, 2.48421059e+01, 2.56491222e+01,
       3.21754379e+01, 2.82982464e+01, 1.97543869e+01, 1.34561405e+01,
       7.78947353e+00, 1.47719297e+01, 1.54035091e+01, 2.06491222e+01,
       2.57719307e+01, 1.72982464e+01, 9.28070164e+00, 9.,
       5.71929836e+00, 8.38596535e+00, 1.01754389e+01, 2.06140347e+01,
       2.13859653e+01, 1.04848490e+01, 2.27575760e+01, 2.39696980e+01,
       3.66666679e+01, 5.79090919e+01, 3.38484840e+01, 6.75757599e+00,
       4.15151548e+00, 5.92121239e+01, 5.43939400e+01, 2.69090919e+01,
       1.76363640e+01, 1.45454550e+01, 8.36363697e+00, 1.01818180e+01,
       2.81515160e+01, 3.25151520e+01, 3.49393959e+01, 1.56363640e+01,
       1.12727280e+01, 2.60909100e+01, 2.92727280e+01, 1.85151520e+01,
       2.26666679e+01, 2.58181820e+01, 2.73030319e+01, 1.51212130e+01,
       7.93939400e+00, 1.20909090e+01, 2.36363640e+01, 1.49393940e+01,
       1.62121220e+01, 1.96363640e+01, 1.21212120e+01, 7.93939400e+00,
       2.88484859e+01, 1.10818184e+02, 8.85151520e+01, 1.06060610e+01,
       8.45454597e+00, 1.19030304e+02, 4.54545479e+01, 1.04848490e+01,
       8.39393997e+00, 2.78181820e+01, 1.72424240e+01, 1.64242420e+01,
       5.86060638e+01, 4.33939400e+01, 2.19090919e+01, 1.81212120e+01,
       3.27878799e+01, 5.74848518e+01, 3.77878799e+01, 3.07878799e+01,
       3.61515160e+01, 2.77878799e+01, 3.24242439e+01, 2.57878799e+01,
       2.26666679e+01, 2.29090919e+01, 1.95454559e+01, 1.46363640e+01,
